Endpoint:,mongodb://127.0.0.1:27017/test
Table:,myrunworkers30padding1mb
RecordLimit:,10000
Workers:,30
PaddingSize:,1mb
Workload:,insert


insert latency
LowerBound,UpperBound,Count,Percent,AccumulativePercent
0.0,1.0,0,0.0,0.0
1.0,1.1,0,0.0,0.0
1.1,1.2,0,0.0,0.0
1.2,1.3,0,0.0,0.0
1.3,1.5,0,0.0,0.0
1.5,1.6,0,0.0,0.0
1.6,1.8,0,0.0,0.0
1.8,1.9,0,0.0,0.0
1.9,2.1,6,0.1,0.1
2.1,2.4,0,0.0,0.1
2.4,2.6,0,0.0,0.1
2.6,2.9,0,0.0,0.1
2.9,3.1,54,0.5,0.6
3.1,3.5,0,0.0,0.6
3.5,3.8,0,0.0,0.6
3.8,4.2,126,1.3,1.9
4.2,4.6,0,0.0,1.9
4.6,5.1,170,1.7,3.5
5.1,5.6,0,0.0,3.5
5.6,6.1,219,2.2,5.7
6.1,6.7,0,0.0,5.7
6.7,7.4,239,2.4,8.1
7.4,8.1,215,2.1,10.3
8.1,9.0,0,0.0,10.3
9.0,9.8,261,2.6,12.9
9.8,10.8,244,2.4,15.3
10.8,11.9,224,2.2,17.5
11.9,13.1,392,3.9,21.4
13.1,14.4,195,1.9,23.4
14.4,15.9,188,1.9,25.3
15.9,17.4,309,3.1,28.3
17.4,19.2,267,2.7,31.0
19.2,21.1,224,2.2,33.2
21.1,23.2,218,2.2,35.4
23.2,25.5,194,1.9,37.3
25.5,28.1,262,2.6,40.0
28.1,30.9,151,1.5,41.5
30.9,34.0,267,2.7,44.1
34.0,37.4,194,1.9,46.1
37.4,41.1,232,2.3,48.4
41.1,45.3,201,2.0,50.4
45.3,49.8,178,1.8,52.1
49.8,54.8,222,2.2,54.4
54.8,60.2,297,3.0,57.3
60.2,66.3,281,2.8,60.1
66.3,72.9,265,2.6,62.8
72.9,80.2,340,3.4,66.2
80.2,88.2,269,2.7,68.8
88.2,97.0,245,2.4,71.3
97.0,106.7,261,2.6,73.9
106.7,117.4,241,2.4,76.3
117.4,129.1,286,2.9,79.1
129.1,142.0,302,3.0,82.1
142.0,156.2,224,2.2,84.4
156.2,171.9,256,2.6,86.9
171.9,189.1,343,3.4,90.3
189.1,208.0,195,1.9,92.3
208.0,228.8,126,1.3,93.5
228.8,251.6,110,1.1,94.6
251.6,276.8,132,1.3,96.0
276.8,304.5,72,0.7,96.7
304.5,334.9,97,1.0,97.6
334.9,368.4,53,0.5,98.2
368.4,405.3,36,0.4,98.5
405.3,445.8,23,0.2,98.8
445.8,490.4,20,0.2,99.0
490.4,539.4,38,0.4,99.3
539.4,593.3,9,0.1,99.4
593.3,652.7,17,0.2,99.6
652.7,718.0,16,0.2,99.8
718.0,789.7,3,0.0,99.8
789.7,868.7,0,0.0,99.8
868.7,955.6,1,0.0,99.8
955.6,1051.2,0,0.0,99.8
1051.2,1156.3,0,0.0,99.8
1156.3,1271.9,0,0.0,99.8
1271.9,1399.1,3,0.0,99.8
1399.1,1539.0,3,0.0,99.9
1539.0,1692.9,4,0.0,99.9
1692.9,1862.2,6,0.1,100.0
1862.2,2048.4,1,0.0,100.0
2048.4,2253.2,0,0.0,100.0
2253.2,2478.6,0,0.0,100.0
2478.6,2726.4,3,0.0,100.0
2726.4,2999.1,0,0.0,100.0
2999.1,3299.0,0,0.0,100.0
3299.0,3628.9,0,0.0,100.0
3628.9,3991.8,0,0.0,100.0
3991.8,4390.9,0,0.0,100.0
4390.9,4830.0,0,0.0,100.0
4830.0,5313.0,0,0.0,100.0
5313.0,5844.3,0,0.0,100.0
5844.3,6428.8,0,0.0,100.0
6428.8,7071.6,0,0.0,100.0
7071.6,7778.8,0,0.0,100.0
7778.8,8556.7,0,0.0,100.0
8556.7,9412.3,0,0.0,100.0
9412.3,10353.6,0,0.0,100.0
10353.6,11388.9,0,0.0,100.0
11388.9,inf,0,0.0,100.0
