Endpoint:,mongodb://127.0.0.1:27017/test
Table:,myrunworkers100padding1mb
RecordLimit:,10000
Workers:,100
PaddingSize:,1mb
Workload:,insert


insert latency
LowerBound,UpperBound,Count,Percent,AccumulativePercent
0.0,1.0,0,0.0,0.0
1.0,1.1,0,0.0,0.0
1.1,1.2,0,0.0,0.0
1.2,1.3,0,0.0,0.0
1.3,1.5,0,0.0,0.0
1.5,1.6,0,0.0,0.0
1.6,1.8,0,0.0,0.0
1.8,1.9,0,0.0,0.0
1.9,2.1,0,0.0,0.0
2.1,2.4,0,0.0,0.0
2.4,2.6,0,0.0,0.0
2.6,2.9,0,0.0,0.0
2.9,3.1,3,0.0,0.0
3.1,3.5,0,0.0,0.0
3.5,3.8,0,0.0,0.0
3.8,4.2,16,0.2,0.2
4.2,4.6,0,0.0,0.2
4.6,5.1,31,0.3,0.5
5.1,5.6,0,0.0,0.5
5.6,6.1,32,0.3,0.8
6.1,6.7,0,0.0,0.8
6.7,7.4,31,0.3,1.1
7.4,8.1,40,0.4,1.5
8.1,9.0,0,0.0,1.5
9.0,9.8,37,0.4,1.9
9.8,10.8,48,0.5,2.4
10.8,11.9,53,0.5,2.9
11.9,13.1,101,1.0,3.9
13.1,14.4,37,0.4,4.2
14.4,15.9,32,0.3,4.6
15.9,17.4,71,0.7,5.3
17.4,19.2,63,0.6,5.9
19.2,21.1,67,0.7,6.6
21.1,23.2,64,0.6,7.2
23.2,25.5,46,0.5,7.6
25.5,28.1,80,0.8,8.4
28.1,30.9,38,0.4,8.8
30.9,34.0,93,0.9,9.7
34.0,37.4,73,0.7,10.5
37.4,41.1,87,0.9,11.3
41.1,45.3,70,0.7,12.0
45.3,49.8,77,0.8,12.8
49.8,54.8,80,0.8,13.6
54.8,60.2,113,1.1,14.7
60.2,66.3,115,1.1,15.8
66.3,72.9,88,0.9,16.7
72.9,80.2,121,1.2,17.9
80.2,88.2,178,1.8,19.7
88.2,97.0,155,1.5,21.2
97.0,106.7,161,1.6,22.8
106.7,117.4,192,1.9,24.7
117.4,129.1,205,2.0,26.7
129.1,142.0,237,2.3,29.1
142.0,156.2,276,2.7,31.8
156.2,171.9,271,2.7,34.5
171.9,189.1,276,2.7,37.2
189.1,208.0,244,2.4,39.6
208.0,228.8,209,2.1,41.7
228.8,251.6,249,2.5,44.2
251.6,276.8,252,2.5,46.7
276.8,304.5,297,2.9,49.6
304.5,334.9,302,3.0,52.6
334.9,368.4,274,2.7,55.3
368.4,405.3,241,2.4,57.7
405.3,445.8,246,2.4,60.1
445.8,490.4,336,3.3,63.4
490.4,539.4,376,3.7,67.2
539.4,593.3,422,4.2,71.3
593.3,652.7,398,3.9,75.3
652.7,718.0,304,3.0,78.3
718.0,789.7,278,2.8,81.0
789.7,868.7,247,2.4,83.5
868.7,955.6,201,2.0,85.5
955.6,1051.2,259,2.6,88.0
1051.2,1156.3,217,2.1,90.2
1156.3,1271.9,185,1.8,92.0
1271.9,1399.1,105,1.0,93.1
1399.1,1539.0,128,1.3,94.3
1539.0,1692.9,128,1.3,95.6
1692.9,1862.2,80,0.8,96.4
1862.2,2048.4,73,0.7,97.1
2048.4,2253.2,59,0.6,97.7
2253.2,2478.6,69,0.7,98.4
2478.6,2726.4,62,0.6,99.0
2726.4,2999.1,24,0.2,99.2
2999.1,3299.0,27,0.3,99.5
3299.0,3628.9,19,0.2,99.7
3628.9,3991.8,15,0.1,99.8
3991.8,4390.9,12,0.1,100.0
4390.9,4830.0,2,0.0,100.0
4830.0,5313.0,1,0.0,100.0
5313.0,5844.3,1,0.0,100.0
5844.3,6428.8,0,0.0,100.0
6428.8,7071.6,0,0.0,100.0
7071.6,7778.8,0,0.0,100.0
7778.8,8556.7,0,0.0,100.0
8556.7,9412.3,0,0.0,100.0
9412.3,10353.6,0,0.0,100.0
10353.6,11388.9,0,0.0,100.0
11388.9,inf,0,0.0,100.0
