Endpoint:,mongodb://127.0.0.1:27017/test
Table:,myrunworkers100padding1mb
RecordLimit:,10000
Workers:,100
PaddingSize:,1mb
Workload:,insert


insert latency
LowerBound,UpperBound,Count,Percent,AccumulativePercent
0.0,1.0,0,0.0,0.0
1.0,1.1,0,0.0,0.0
1.1,1.2,0,0.0,0.0
1.2,1.3,0,0.0,0.0
1.3,1.5,0,0.0,0.0
1.5,1.6,0,0.0,0.0
1.6,1.8,0,0.0,0.0
1.8,1.9,0,0.0,0.0
1.9,2.1,0,0.0,0.0
2.1,2.4,0,0.0,0.0
2.4,2.6,0,0.0,0.0
2.6,2.9,0,0.0,0.0
2.9,3.1,4,0.0,0.0
3.1,3.5,0,0.0,0.0
3.5,3.8,0,0.0,0.0
3.8,4.2,6,0.1,0.1
4.2,4.6,0,0.0,0.1
4.6,5.1,20,0.2,0.3
5.1,5.6,0,0.0,0.3
5.6,6.1,20,0.2,0.5
6.1,6.7,0,0.0,0.5
6.7,7.4,19,0.2,0.7
7.4,8.1,17,0.2,0.9
8.1,9.0,0,0.0,0.9
9.0,9.8,19,0.2,1.0
9.8,10.8,20,0.2,1.2
10.8,11.9,17,0.2,1.4
11.9,13.1,28,0.3,1.7
13.1,14.4,11,0.1,1.8
14.4,15.9,20,0.2,2.0
15.9,17.4,26,0.3,2.2
17.4,19.2,30,0.3,2.5
19.2,21.1,27,0.3,2.8
21.1,23.2,27,0.3,3.1
23.2,25.5,31,0.3,3.4
25.5,28.1,48,0.5,3.9
28.1,30.9,32,0.3,4.2
30.9,34.0,67,0.7,4.8
34.0,37.4,52,0.5,5.4
37.4,41.1,76,0.8,6.1
41.1,45.3,65,0.6,6.8
45.3,49.8,98,1.0,7.7
49.8,54.8,114,1.1,8.9
54.8,60.2,149,1.5,10.3
60.2,66.3,170,1.7,12.0
66.3,72.9,162,1.6,13.6
72.9,80.2,193,1.9,15.5
80.2,88.2,183,1.8,17.3
88.2,97.0,190,1.9,19.2
97.0,106.7,157,1.6,20.8
106.7,117.4,146,1.4,22.2
117.4,129.1,144,1.4,23.6
129.1,142.0,146,1.4,25.1
142.0,156.2,155,1.5,26.6
156.2,171.9,152,1.5,28.1
171.9,189.1,191,1.9,30.0
189.1,208.0,148,1.5,31.5
208.0,228.8,179,1.8,33.3
228.8,251.6,204,2.0,35.3
251.6,276.8,288,2.9,38.1
276.8,304.5,322,3.2,41.3
304.5,334.9,413,4.1,45.4
334.9,368.4,255,2.5,47.9
368.4,405.3,394,3.9,51.8
405.3,445.8,365,3.6,55.4
445.8,490.4,453,4.5,59.9
490.4,539.4,498,4.9,64.9
539.4,593.3,485,4.8,69.7
593.3,652.7,430,4.3,73.9
652.7,718.0,358,3.5,77.5
718.0,789.7,429,4.2,81.7
789.7,868.7,409,4.0,85.8
868.7,955.6,348,3.4,89.2
955.6,1051.2,276,2.7,91.9
1051.2,1156.3,181,1.8,93.7
1156.3,1271.9,161,1.6,95.3
1271.9,1399.1,92,0.9,96.2
1399.1,1539.0,60,0.6,96.8
1539.0,1692.9,55,0.5,97.4
1692.9,1862.2,30,0.3,97.7
1862.2,2048.4,30,0.3,98.0
2048.4,2253.2,29,0.3,98.3
2253.2,2478.6,20,0.2,98.5
2478.6,2726.4,94,0.9,99.4
2726.4,2999.1,32,0.3,99.7
2999.1,3299.0,13,0.1,99.8
3299.0,3628.9,6,0.1,99.9
3628.9,3991.8,3,0.0,99.9
3991.8,4390.9,2,0.0,99.9
4390.9,4830.0,1,0.0,100.0
4830.0,5313.0,0,0.0,100.0
5313.0,5844.3,3,0.0,100.0
5844.3,6428.8,1,0.0,100.0
6428.8,7071.6,1,0.0,100.0
7071.6,7778.8,0,0.0,100.0
7778.8,8556.7,0,0.0,100.0
8556.7,9412.3,0,0.0,100.0
9412.3,10353.6,0,0.0,100.0
10353.6,11388.9,0,0.0,100.0
11388.9,inf,0,0.0,100.0
