Endpoint:,postgres://localhost/test?sslmode=disable;binary_parameters=yes
Table:,myrunworkers30padding1mb
RecordLimit:,10000
Workers:,30
PaddingSize:,1mb
Workload:,insert


insert latency
LowerBound,UpperBound,Count,Percent,AccumulativePercent
0.0,1.0,0,0.0,0.0
1.0,1.1,0,0.0,0.0
1.1,1.2,0,0.0,0.0
1.2,1.3,0,0.0,0.0
1.3,1.5,0,0.0,0.0
1.5,1.6,0,0.0,0.0
1.6,1.8,0,0.0,0.0
1.8,1.9,0,0.0,0.0
1.9,2.1,0,0.0,0.0
2.1,2.4,0,0.0,0.0
2.4,2.6,0,0.0,0.0
2.6,2.9,0,0.0,0.0
2.9,3.1,0,0.0,0.0
3.1,3.5,0,0.0,0.0
3.5,3.8,0,0.0,0.0
3.8,4.2,0,0.0,0.0
4.2,4.6,0,0.0,0.0
4.6,5.1,0,0.0,0.0
5.1,5.6,0,0.0,0.0
5.6,6.1,0,0.0,0.0
6.1,6.7,0,0.0,0.0
6.7,7.4,0,0.0,0.0
7.4,8.1,2,0.0,0.0
8.1,9.0,0,0.0,0.0
9.0,9.8,2,0.0,0.0
9.8,10.8,0,0.0,0.0
10.8,11.9,4,0.0,0.1
11.9,13.1,31,0.3,0.4
13.1,14.4,33,0.3,0.7
14.4,15.9,37,0.4,1.1
15.9,17.4,80,0.8,1.9
17.4,19.2,95,0.9,2.8
19.2,21.1,77,0.8,3.6
21.1,23.2,130,1.3,4.9
23.2,25.5,125,1.2,6.1
25.5,28.1,194,1.9,8.1
28.1,30.9,98,1.0,9.1
30.9,34.0,162,1.6,10.7
34.0,37.4,66,0.7,11.3
37.4,41.1,57,0.6,11.9
41.1,45.3,38,0.4,12.3
45.3,49.8,37,0.4,12.6
49.8,54.8,62,0.6,13.3
54.8,60.2,88,0.9,14.1
60.2,66.3,115,1.1,15.3
66.3,72.9,161,1.6,16.9
72.9,80.2,242,2.4,19.3
80.2,88.2,227,2.3,21.6
88.2,97.0,302,3.0,24.6
97.0,106.7,323,3.2,27.8
106.7,117.4,394,3.9,31.7
117.4,129.1,426,4.2,36.0
129.1,142.0,363,3.6,39.6
142.0,156.2,277,2.8,42.4
156.2,171.9,141,1.4,43.8
171.9,189.1,94,0.9,44.7
189.1,208.0,66,0.7,45.4
208.0,228.8,84,0.8,46.2
228.8,251.6,100,1.0,47.2
251.6,276.8,117,1.2,48.4
276.8,304.5,148,1.5,49.8
304.5,334.9,193,1.9,51.8
334.9,368.4,354,3.5,55.3
368.4,405.3,568,5.7,60.9
405.3,445.8,735,7.3,68.3
445.8,490.4,683,6.8,75.1
490.4,539.4,426,4.2,79.3
539.4,593.3,227,2.3,81.6
593.3,652.7,236,2.4,83.9
652.7,718.0,280,2.8,86.7
718.0,789.7,307,3.1,89.8
789.7,868.7,286,2.9,92.7
868.7,955.6,170,1.7,94.3
955.6,1051.2,151,1.5,95.9
1051.2,1156.3,133,1.3,97.2
1156.3,1271.9,99,1.0,98.2
1271.9,1399.1,63,0.6,98.8
1399.1,1539.0,48,0.5,99.3
1539.0,1692.9,28,0.3,99.6
1692.9,1862.2,21,0.2,99.8
1862.2,2048.4,14,0.1,99.9
2048.4,2253.2,5,0.0,100.0
2253.2,2478.6,5,0.0,100.0
2478.6,2726.4,0,0.0,100.0
2726.4,2999.1,0,0.0,100.0
2999.1,3299.0,0,0.0,100.0
3299.0,3628.9,0,0.0,100.0
3628.9,3991.8,0,0.0,100.0
3991.8,4390.9,0,0.0,100.0
4390.9,4830.0,0,0.0,100.0
4830.0,5313.0,0,0.0,100.0
5313.0,5844.3,0,0.0,100.0
5844.3,6428.8,0,0.0,100.0
6428.8,7071.6,0,0.0,100.0
7071.6,7778.8,0,0.0,100.0
7778.8,8556.7,0,0.0,100.0
8556.7,9412.3,0,0.0,100.0
9412.3,10353.6,0,0.0,100.0
10353.6,11388.9,0,0.0,100.0
11388.9,inf,0,0.0,100.0
