Endpoint:,postgres://localhost/test?sslmode=disable;binary_parameters=yes
Table:,myrunworkers30padding1mb
RecordLimit:,10000
Workers:,30
PaddingSize:,1mb
Workload:,insert


insert latency
LowerBound,UpperBound,Count,Percent,AccumulativePercent
0.0,1.0,0,0.0,0.0
1.0,1.1,0,0.0,0.0
1.1,1.2,0,0.0,0.0
1.2,1.3,0,0.0,0.0
1.3,1.5,0,0.0,0.0
1.5,1.6,0,0.0,0.0
1.6,1.8,0,0.0,0.0
1.8,1.9,0,0.0,0.0
1.9,2.1,0,0.0,0.0
2.1,2.4,0,0.0,0.0
2.4,2.6,0,0.0,0.0
2.6,2.9,0,0.0,0.0
2.9,3.1,0,0.0,0.0
3.1,3.5,0,0.0,0.0
3.5,3.8,0,0.0,0.0
3.8,4.2,0,0.0,0.0
4.2,4.6,0,0.0,0.0
4.6,5.1,0,0.0,0.0
5.1,5.6,0,0.0,0.0
5.6,6.1,0,0.0,0.0
6.1,6.7,0,0.0,0.0
6.7,7.4,0,0.0,0.0
7.4,8.1,2,0.0,0.0
8.1,9.0,0,0.0,0.0
9.0,9.8,0,0.0,0.0
9.8,10.8,1,0.0,0.0
10.8,11.9,2,0.0,0.0
11.9,13.1,13,0.1,0.2
13.1,14.4,20,0.2,0.4
14.4,15.9,31,0.3,0.7
15.9,17.4,57,0.6,1.3
17.4,19.2,81,0.8,2.1
19.2,21.1,88,0.9,2.9
21.1,23.2,91,0.9,3.8
23.2,25.5,116,1.2,5.0
25.5,28.1,246,2.5,7.5
28.1,30.9,121,1.2,8.7
30.9,34.0,239,2.4,11.0
34.0,37.4,127,1.3,12.3
37.4,41.1,92,0.9,13.2
41.1,45.3,69,0.7,13.9
45.3,49.8,54,0.5,14.5
49.8,54.8,82,0.8,15.3
54.8,60.2,108,1.1,16.4
60.2,66.3,102,1.0,17.4
66.3,72.9,118,1.2,18.5
72.9,80.2,151,1.5,20.0
80.2,88.2,202,2.0,22.1
88.2,97.0,263,2.6,24.7
97.0,106.7,292,2.9,27.6
106.7,117.4,375,3.7,31.3
117.4,129.1,415,4.1,35.5
129.1,142.0,339,3.4,38.9
142.0,156.2,278,2.8,41.6
156.2,171.9,186,1.9,43.5
171.9,189.1,89,0.9,44.4
189.1,208.0,77,0.8,45.1
208.0,228.8,105,1.0,46.2
228.8,251.6,112,1.1,47.3
251.6,276.8,85,0.8,48.1
276.8,304.5,132,1.3,49.5
304.5,334.9,158,1.6,51.0
334.9,368.4,334,3.3,54.4
368.4,405.3,558,5.6,59.9
405.3,445.8,750,7.5,67.4
445.8,490.4,818,8.2,75.6
490.4,539.4,479,4.8,80.3
539.4,593.3,214,2.1,82.5
593.3,652.7,206,2.1,84.5
652.7,718.0,280,2.8,87.3
718.0,789.7,296,3.0,90.3
789.7,868.7,315,3.1,93.4
868.7,955.6,169,1.7,95.1
955.6,1051.2,110,1.1,96.2
1051.2,1156.3,157,1.6,97.8
1156.3,1271.9,90,0.9,98.7
1271.9,1399.1,51,0.5,99.2
1399.1,1539.0,34,0.3,99.5
1539.0,1692.9,24,0.2,99.7
1692.9,1862.2,14,0.1,99.9
1862.2,2048.4,6,0.1,99.9
2048.4,2253.2,2,0.0,100.0
2253.2,2478.6,3,0.0,100.0
2478.6,2726.4,0,0.0,100.0
2726.4,2999.1,1,0.0,100.0
2999.1,3299.0,0,0.0,100.0
3299.0,3628.9,0,0.0,100.0
3628.9,3991.8,0,0.0,100.0
3991.8,4390.9,0,0.0,100.0
4390.9,4830.0,0,0.0,100.0
4830.0,5313.0,0,0.0,100.0
5313.0,5844.3,0,0.0,100.0
5844.3,6428.8,0,0.0,100.0
6428.8,7071.6,0,0.0,100.0
7071.6,7778.8,0,0.0,100.0
7778.8,8556.7,0,0.0,100.0
8556.7,9412.3,0,0.0,100.0
9412.3,10353.6,0,0.0,100.0
10353.6,11388.9,0,0.0,100.0
11388.9,inf,0,0.0,100.0
