Endpoint:,postgres://localhost/test?sslmode=disable;binary_parameters=yes
Table:,myrunworkers100padding1mb
RecordLimit:,10000
Workers:,100
PaddingSize:,1mb
Workload:,insert


insert latency
LowerBound,UpperBound,Count,Percent,AccumulativePercent
0.0,1.0,0,0.0,0.0
1.0,1.1,0,0.0,0.0
1.1,1.2,0,0.0,0.0
1.2,1.3,0,0.0,0.0
1.3,1.5,0,0.0,0.0
1.5,1.6,0,0.0,0.0
1.6,1.8,0,0.0,0.0
1.8,1.9,0,0.0,0.0
1.9,2.1,0,0.0,0.0
2.1,2.4,0,0.0,0.0
2.4,2.6,0,0.0,0.0
2.6,2.9,0,0.0,0.0
2.9,3.1,0,0.0,0.0
3.1,3.5,0,0.0,0.0
3.5,3.8,0,0.0,0.0
3.8,4.2,0,0.0,0.0
4.2,4.6,0,0.0,0.0
4.6,5.1,0,0.0,0.0
5.1,5.6,0,0.0,0.0
5.6,6.1,0,0.0,0.0
6.1,6.7,0,0.0,0.0
6.7,7.4,1,0.0,0.0
7.4,8.1,0,0.0,0.0
8.1,9.0,0,0.0,0.0
9.0,9.8,2,0.0,0.0
9.8,10.8,5,0.0,0.1
10.8,11.9,2,0.0,0.1
11.9,13.1,24,0.2,0.3
13.1,14.4,23,0.2,0.6
14.4,15.9,29,0.3,0.9
15.9,17.4,93,0.9,1.8
17.4,19.2,79,0.8,2.6
19.2,21.1,96,1.0,3.5
21.1,23.2,117,1.2,4.7
23.2,25.5,136,1.3,6.0
25.5,28.1,248,2.5,8.5
28.1,30.9,137,1.4,9.8
30.9,34.0,195,1.9,11.8
34.0,37.4,80,0.8,12.5
37.4,41.1,79,0.8,13.3
41.1,45.3,62,0.6,13.9
45.3,49.8,37,0.4,14.3
49.8,54.8,62,0.6,14.9
54.8,60.2,114,1.1,16.0
60.2,66.3,162,1.6,17.7
66.3,72.9,139,1.4,19.0
72.9,80.2,193,1.9,20.9
80.2,88.2,193,1.9,22.9
88.2,97.0,221,2.2,25.0
97.0,106.7,256,2.5,27.6
106.7,117.4,323,3.2,30.8
117.4,129.1,342,3.4,34.2
129.1,142.0,315,3.1,37.3
142.0,156.2,259,2.6,39.8
156.2,171.9,148,1.5,41.3
171.9,189.1,85,0.8,42.1
189.1,208.0,40,0.4,42.5
208.0,228.8,27,0.3,42.8
228.8,251.6,12,0.1,42.9
251.6,276.8,20,0.2,43.1
276.8,304.5,50,0.5,43.6
304.5,334.9,42,0.4,44.0
334.9,368.4,21,0.2,44.2
368.4,405.3,14,0.1,44.4
405.3,445.8,11,0.1,44.5
445.8,490.4,22,0.2,44.7
490.4,539.4,32,0.3,45.0
539.4,593.3,70,0.7,45.7
593.3,652.7,42,0.4,46.1
652.7,718.0,34,0.3,46.5
718.0,789.7,63,0.6,47.1
789.7,868.7,178,1.8,48.9
868.7,955.6,88,0.9,49.7
955.6,1051.2,69,0.7,50.4
1051.2,1156.3,87,0.9,51.3
1156.3,1271.9,390,3.9,55.1
1271.9,1399.1,607,6.0,61.1
1399.1,1539.0,760,7.5,68.7
1539.0,1692.9,750,7.4,76.1
1692.9,1862.2,403,4.0,80.1
1862.2,2048.4,174,1.7,81.8
2048.4,2253.2,75,0.7,82.6
2253.2,2478.6,233,2.3,84.9
2478.6,2726.4,264,2.6,87.5
2726.4,2999.1,282,2.8,90.3
2999.1,3299.0,273,2.7,93.0
3299.0,3628.9,98,1.0,93.9
3628.9,3991.8,144,1.4,95.4
3991.8,4390.9,131,1.3,96.7
4390.9,4830.0,108,1.1,97.7
4830.0,5313.0,51,0.5,98.2
5313.0,5844.3,61,0.6,98.8
5844.3,6428.8,56,0.6,99.4
6428.8,7071.6,15,0.1,99.5
7071.6,7778.8,22,0.2,99.8
7778.8,8556.7,11,0.1,99.9
8556.7,9412.3,8,0.1,100.0
9412.3,10353.6,4,0.0,100.0
10353.6,11388.9,1,0.0,100.0
11388.9,inf,0,0.0,100.0
