Endpoint:,postgres://localhost/test?sslmode=disable;binary_parameters=yes
Table:,myrunworkers100padding1mb
RecordLimit:,10000
Workers:,100
PaddingSize:,1mb
Workload:,insert


insert latency
LowerBound,UpperBound,Count,Percent,AccumulativePercent
0.0,1.0,0,0.0,0.0
1.0,1.1,0,0.0,0.0
1.1,1.2,0,0.0,0.0
1.2,1.3,0,0.0,0.0
1.3,1.5,0,0.0,0.0
1.5,1.6,0,0.0,0.0
1.6,1.8,0,0.0,0.0
1.8,1.9,0,0.0,0.0
1.9,2.1,0,0.0,0.0
2.1,2.4,0,0.0,0.0
2.4,2.6,0,0.0,0.0
2.6,2.9,0,0.0,0.0
2.9,3.1,0,0.0,0.0
3.1,3.5,0,0.0,0.0
3.5,3.8,0,0.0,0.0
3.8,4.2,0,0.0,0.0
4.2,4.6,0,0.0,0.0
4.6,5.1,0,0.0,0.0
5.1,5.6,0,0.0,0.0
5.6,6.1,0,0.0,0.0
6.1,6.7,0,0.0,0.0
6.7,7.4,0,0.0,0.0
7.4,8.1,0,0.0,0.0
8.1,9.0,0,0.0,0.0
9.0,9.8,2,0.0,0.0
9.8,10.8,1,0.0,0.0
10.8,11.9,1,0.0,0.0
11.9,13.1,16,0.2,0.2
13.1,14.4,14,0.1,0.3
14.4,15.9,28,0.3,0.6
15.9,17.4,58,0.6,1.2
17.4,19.2,58,0.6,1.8
19.2,21.1,68,0.7,2.4
21.1,23.2,97,1.0,3.4
23.2,25.5,119,1.2,4.6
25.5,28.1,212,2.1,6.7
28.1,30.9,117,1.2,7.8
30.9,34.0,146,1.4,9.3
34.0,37.4,70,0.7,10.0
37.4,41.1,94,0.9,10.9
41.1,45.3,90,0.9,11.8
45.3,49.8,111,1.1,12.9
49.8,54.8,132,1.3,14.2
54.8,60.2,154,1.5,15.7
60.2,66.3,134,1.3,17.1
66.3,72.9,150,1.5,18.5
72.9,80.2,214,2.1,20.7
80.2,88.2,163,1.6,22.3
88.2,97.0,230,2.3,24.5
97.0,106.7,248,2.5,27.0
106.7,117.4,329,3.3,30.3
117.4,129.1,315,3.1,33.4
129.1,142.0,314,3.1,36.5
142.0,156.2,229,2.3,38.8
156.2,171.9,163,1.6,40.4
171.9,189.1,86,0.9,41.2
189.1,208.0,42,0.4,41.6
208.0,228.8,25,0.2,41.9
228.8,251.6,11,0.1,42.0
251.6,276.8,15,0.1,42.1
276.8,304.5,33,0.3,42.5
304.5,334.9,34,0.3,42.8
334.9,368.4,16,0.2,43.0
368.4,405.3,10,0.1,43.1
405.3,445.8,39,0.4,43.4
445.8,490.4,54,0.5,44.0
490.4,539.4,10,0.1,44.1
539.4,593.3,38,0.4,44.5
593.3,652.7,60,0.6,45.1
652.7,718.0,162,1.6,46.7
718.0,789.7,122,1.2,47.9
789.7,868.7,150,1.5,49.4
868.7,955.6,98,1.0,50.3
955.6,1051.2,125,1.2,51.6
1051.2,1156.3,118,1.2,52.7
1156.3,1271.9,278,2.8,55.5
1271.9,1399.1,507,5.0,60.5
1399.1,1539.0,646,6.4,66.9
1539.0,1692.9,1026,10.2,77.1
1692.9,1862.2,183,1.8,78.9
1862.2,2048.4,209,2.1,80.9
2048.4,2253.2,120,1.2,82.1
2253.2,2478.6,224,2.2,84.3
2478.6,2726.4,301,3.0,87.3
2726.4,2999.1,315,3.1,90.4
2999.1,3299.0,232,2.3,92.7
3299.0,3628.9,151,1.5,94.2
3628.9,3991.8,105,1.0,95.3
3991.8,4390.9,119,1.2,96.5
4390.9,4830.0,136,1.3,97.8
4830.0,5313.0,63,0.6,98.4
5313.0,5844.3,64,0.6,99.1
5844.3,6428.8,35,0.3,99.4
6428.8,7071.6,22,0.2,99.6
7071.6,7778.8,20,0.2,99.8
7778.8,8556.7,10,0.1,99.9
8556.7,9412.3,1,0.0,99.9
9412.3,10353.6,6,0.1,100.0
10353.6,11388.9,0,0.0,100.0
11388.9,inf,1,0.0,100.0
